Model: gradinBR
  Model Pose: (0, 0, 0.0545, 0, 0, 0)
    bean_can1: relative (0.075, 0.25, 0, 1.5708, 0, 0)
       absolute (0.075, 0.25, 0.0545, 1.5708, 0, 0)
    bean_can2: relative (0.075, 0.35, 0, 1.5708, 0, 0)
       absolute (0.075, 0.35, 0.0545, 1.5708, 0, 0)
    bean_can3: relative (0.075, 0.45, 0, 1.5708, 0, 0)
       absolute (0.075, 0.45, 0.0545, 1.5708, 0, 0)
    bean_can4: relative (0.075, 0.55, 0, 1.5708, 0, 0)
       absolute (0.075, 0.55, 0.0545, 1.5708, 0, 0)

Model: gradinBL
  Model Pose: (0, 1, 0.0545, 0, 0, 0)
    bean_can1: relative (0.075, 0.25, 0, 1.5708, 0, 0)
       absolute (0.075, 1.25, 0.0545, 1.5708, 0, 0)
    bean_can2: relative (0.075, 0.35, 0, 1.5708, 0, 0)
       absolute (0.075, 1.35, 0.0545, 1.5708, 0, 0)
    bean_can3: relative (0.075, 0.45, 0, 1.5708, 0, 0)
       absolute (0.075, 1.45, 0.0545, 1.5708, 0, 0)
    bean_can4: relative (0.075, 0.55, 0, 1.5708, 0, 0)
       absolute (0.075, 1.55, 0.0545, 1.5708, 0, 0)

Model: gradinTR
  Model Pose: (2.85, 0, 0.0545, 0, 0, 0)
    bean_can1: relative (0.075, 0.25, 0, 1.5708, 0, 0)
       absolute (2.925, 0.25, 0.0545, 1.5708, 0, 0)
    bean_can2: relative (0.075, 0.35, 0, 1.5708, 0, 0)
       absolute (2.925, 0.35, 0.0545, 1.5708, 0, 0)
    bean_can3: relative (0.075, 0.45, 0, 1.5708, 0, 0)
       absolute (2.925, 0.45, 0.0545, 1.5708, 0, 0)
    bean_can4: relative (0.075, 0.55, 0, 1.5708, 0, 0)
       absolute (2.925, 0.55, 0.0545, 1.5708, 0, 0)

Model: gradinTL
  Model Pose: (2.85, 1, 0.0545, 0, 0, 0)
    bean_can1: relative (0.075, 0.25, 0, 1.5708, 0, 0)
       absolute (2.925, 1.25, 0.0545, 1.5708, 0, 0)
    bean_can2: relative (0.075, 0.35, 0, 1.5708, 0, 0)
       absolute (2.925, 1.35, 0.0545, 1.5708, 0, 0)
    bean_can3: relative (0.075, 0.45, 0, 1.5708, 0, 0)
       absolute (2.925, 1.45, 0.0545, 1.5708, 0, 0)
    bean_can4: relative (0.075, 0.55, 0, 1.5708, 0, 0)
       absolute (2.925, 1.55, 0.0545, 1.5708, 0, 0)

Model: gradinBCL
  Model Pose: (0.475, 1.7755, 0.0545, 0, 0, -1.5708)
    bean_can1: relative (0.075, 0.25, 0, 1.5708, 0, 0)
       absolute (0.55, 2.0255, 0.0545, 1.5708, 0, -1.5708)
    bean_can2: relative (0.075, 0.35, 0, 1.5708, 0, 0)
       absolute (0.55, 2.1255, 0.0545, 1.5708, 0, -1.5708)
    bean_can3: relative (0.075, 0.45, 0, 1.5708, 0, 0)
       absolute (0.55, 2.2255, 0.0545, 1.5708, 0, -1.5708)
    bean_can4: relative (0.075, 0.55, 0, 1.5708, 0, 0)
       absolute (0.55, 2.3255, 0.0545, 1.5708, 0, -1.5708)

Model: gradinBCR
  Model Pose: (0.425, 0.325, 0.0545, 0, 0, -1.5708)
    bean_can1: relative (0.075, 0.25, 0, 1.5708, 0, 0)
       absolute (0.5, 0.575, 0.0545, 1.5708, 0, -1.5708)
    bean_can2: relative (0.075, 0.35, 0, 1.5708, 0, 0)
       absolute (0.5, 0.675, 0.0545, 1.5708, 0, -1.5708)
    bean_can3: relative (0.075, 0.45, 0, 1.5708, 0, 0)
       absolute (0.5, 0.775, 0.0545, 1.5708, 0, -1.5708)
    bean_can4: relative (0.075, 0.55, 0, 1.5708, 0, 0)
       absolute (0.5, 0.875, 0.0545, 1.5708, 0, -1.5708)

Model: gradinBCC
  Model Pose: (0.7, 1.025, 0.0545, 0, 0, -1.5708)
    bean_can1: relative (0.075, 0.25, 0, 1.5708, 0, 0)
       absolute (0.775, 1.275, 0.0545, 1.5708, 0, -1.5708)
    bean_can2: relative (0.075, 0.35, 0, 1.5708, 0, 0)
       absolute (0.775, 1.375, 0.0545, 1.5708, 0, -1.5708)
    bean_can3: relative (0.075, 0.45, 0, 1.5708, 0, 0)
       absolute (0.775, 1.475, 0.0545, 1.5708, 0, -1.5708)
    bean_can4: relative (0.075, 0.55, 0, 1.5708, 0, 0)
       absolute (0.775, 1.575, 0.0545, 1.5708, 0, -1.5708)

Model: gradinTCL
  Model Pose: (1.825, 1.7755, 0.0545, 0, 0, -1.5708)
    bean_can1: relative (0.075, 0.25, 0, 1.5708, 0, 0)
       absolute (1.9, 2.0255, 0.0545, 1.5708, 0, -1.5708)
    bean_can2: relative (0.075, 0.35, 0, 1.5708, 0, 0)
       absolute (1.9, 2.1255, 0.0545, 1.5708, 0, -1.5708)
    bean_can3: relative (0.075, 0.45, 0, 1.5708, 0, 0)
       absolute (1.9, 2.2255, 0.0545, 1.5708, 0, -1.5708)
    bean_can4: relative (0.075, 0.55, 0, 1.5708, 0, 0)
       absolute (1.9, 2.3255, 0.0545, 1.5708, 0, -1.5708)

Model: gradinTCR
  Model Pose: (1.875, 0.325, 0.0545, 0, 0, -1.5708)
    bean_can1: relative (0.075, 0.25, 0, 1.5708, 0, 0)
       absolute (1.95, 0.575, 0.0545, 1.5708, 0, -1.5708)
    bean_can2: relative (0.075, 0.35, 0, 1.5708, 0, 0)
       absolute (1.95, 0.675, 0.0545, 1.5708, 0, -1.5708)
    bean_can3: relative (0.075, 0.45, 0, 1.5708, 0, 0)
       absolute (1.95, 0.775, 0.0545, 1.5708, 0, -1.5708)
    bean_can4: relative (0.075, 0.55, 0, 1.5708, 0, 0)
       absolute (1.95, 0.875, 0.0545, 1.5708, 0, -1.5708)

Model: gradinTCC
  Model Pose: (1.5, 1.025, 0.0545, 0, 0, -1.5708)
    bean_can1: relative (0.075, 0.25, 0, 1.5708, 0, 0)
       absolute (1.575, 1.275, 0.0545, 1.5708, 0, -1.5708)
    bean_can2: relative (0.075, 0.35, 0, 1.5708, 0, 0)
       absolute (1.575, 1.375, 0.0545, 1.5708, 0, -1.5708)
    bean_can3: relative (0.075, 0.45, 0, 1.5708, 0, 0)
       absolute (1.575, 1.475, 0.0545, 1.5708, 0, -1.5708)
    bean_can4: relative (0.075, 0.55, 0, 1.5708, 0, 0)
       absolute (1.575, 1.575, 0.0545, 1.5708, 0, -1.5708)